0 254 0
0 222 0
0 245 0
0 200 0
0 53 0
0 35 0
0 183 0
0 176 0
0 213 0
0 53 0
0 68 0
0 219 0
0 79 0
0 54 0
0 44 0
0 248 0
0 182 0
0 231 0
0 72 0
0 63 0
0 37 0
0 0 0
0 73 0
0 247 0
0 20 0
0 13 0
0 96 0
0 155 0
0 113 0
0 238 0
0 51 0
0 116 0
0 92 0
0 249 0
0 95 0
0 103 0
0 143 0
0 245 0
0 171 0
0 73 0
0 50 0
0 229 0
1 163 0
1 137 0
1 158 0
1 97 0
1 184 0
1 8 0
1 167 0
1 244 0
1 130 0
1 70 0
1 75 0
1 169 0
1 76 0
1 217 0
1 141 0
1 25 0
1 58 0
1 66 0
1 118 0
1 215 0
1 235 0
1 67 0
1 99 0
1 199 0
1 232 0
1 116 0
1 213 0
1 164 0
1 197 0
1 105 0
1 162 0
1 209 0
1 23 0
1 129 0
1 153 0
1 183 0
1 10 0
1 140 0
1 93 0
1 42 0
1 8 0
1 79 0
2 108 0
2 115 0
2 43 0
2 53 0
2 132 0
2 143 0
2 94 0
2 108 0
2 102 0
2 197 0
2 124 0
2 32 0
2 238 0
2 144 0
2 235 0
2 114 0
2 251 0
2 7 0
2 187 0
2 138 0
2 213 0
2 72 0
2 125 0
2 55 0
2 96 0
2 210 0
2 149 0
2 231 0
2 70 0
2 32 0
2 174 0
2 152 0
2 53 0
2 210 0
2 245 0
2 19 0
2 135 0
2 246 0
2 213 0
2 241 0
2 115 0
2 247 0
3 124 0
3 143 0
3 175 0
3 153 0
3 79 0
3 213 0
3 202 0
3 145 0
3 112 0
3 11 0
3 251 0
3 232 0
3 202 0
3 4 0
3 251 0
3 232 0
3 112 0
3 174 0
3 40 0
3 202 0
3 172 0
3 105 0
3 174 0
3 232 0
3 40 0
3 228 0
3 224 0
3 133 0
3 251 0
3 85 0
3 202 0
3 2 0
3 251 0
3 63 0
3 36 0
3 112 0
3 235 0
3 129 0
3 68 0
3 202 0
3 119 0
3 117 0
4 64 0
4 178 0
4 182 0
4 50 0
4 60 0
4 26 0
4 98 0
4 114 0
4 29 0
4 146 0
4 8 0
4 73 0
4 98 0
4 250 0
4 73 0
4 46 0
4 29 0
4 239 0
4 126 0
4 98 0
4 146 0
4 70 0
4 239 0
4 253 0
4 146 0
4 126 0
4 98 0
4 0 0
4 239 0
4 30 0
4 8 0
4 98 0
4 230 0
4 9 0
4 46 0
4 146 0
4 242 0
4 8 0
4 97 0
4 80 0
4 70 0
4 98 0
5 35 0
5 235 0
5 177 0
5 167 0
5 84 0
5 112 0
5 59 0
5 63 0
5 244 0
5 192 0
5 138 0
5 35 0
5 63 0
5 59 0
5 34 0
5 138 0
5 140 0
5 86 0
5 65 0
5 46 0
5 63 0
5 34 0
5 116 0
5 94 0
5 46 0
5 65 0
5 135 0
5 120 0
5 243 0
5 116 0
5 52 0
5 63 0
5 62 0
5 86 0
5 94 0
5 244 0
5 249 0
5 62 0
5 213 0
5 210 0
5 10 0
5 80 0
6 56 0
6 201 0
6 241 0
6 80 0
6 72 0
6 216 0
6 20 0
6 136 0
6 76 0
6 56 0
6 227 0
6 181 0
6 15 0
6 76 0
6 136 0
6 53 0
6 111 0
6 20 0
6 30 0
6 39 0
6 53 0
6 76 0
6 236 0
6 99 0
6 39 0
6 252 0
6 53 0
6 6 0
6 35 0
6 4 0
6 56 0
6 76 0
6 111 0
6 53 0
6 8 0
6 138 0
6 201 0
6 1 0
6 190 0
6 76 0
6 16 0
6 53 0
7 8 0
7 56 0
7 26 0
7 142 0
7 188 0
7 169 0
7 100 0
7 237 0
7 182 0
7 175 0
7 232 0
7 39 0
7 100 0
7 168 0
7 39 0
7 232 0
7 175 0
7 152 0
7 100 0
7 53 0
7 177 0
7 160 0
7 240 0
7 244 0
7 141 0
7 133 0
7 238 0
7 100 0
7 95 0
7 36 0
7 100 0
7 140 0
7 146 0
7 205 0
7 232 0
7 66 0
7 141 0
7 233 0
7 14 0
7 140 0
7 147 0
7 152 0
8 20 0
8 238 0
8 157 0
8 219 0
8 18 0
8 4 0
8 20 0
8 177 0
8 174 0
8 24 0
8 53 0
8 131 0
8 20 0
8 103 0
8 177 0
8 174 0
8 110 0
8 146 0
8 20 0
8 71 0
8 174 0
8 188 0
8 251 0
8 70 0
8 71 0
8 20 0
8 16 0
8 174 0
8 189 0
8 232 0
8 174 0
8 146 0
8 53 0
8 111 0
8 20 0
8 16 0
8 28 0
8 20 0
8 115 0
8 83 0
8 84 0
8 197 0
9 72 0
9 181 0
9 40 0
9 120 0
9 46 0
9 127 0
9 223 0
9 32 0
9 242 0
9 169 0
9 101 0
9 144 0
9 49 0
9 223 0
9 155 0
9 209 0
9 173 0
9 220 0
9 127 0
9 158 0
9 138 0
9 77 0
9 255 0
9 223 0
9 219 0
9 77 0
9 223 0
9 127 0
9 248 0
9 207 0
9 223 0
9 242 0
9 155 0
9 209 0
9 49 0
9 36 0
9 191 0
9 235 0
9 199 0
9 238 0
9 138 0
9 11 0
10 8 0
10 224 0
10 121 0
10 241 0
10 28 0
10 14 0
10 132 0
10 8 0
10 108 0
10 40 0
10 56 0
10 20 0
10 132 0
10 201 0
10 8 0
10 91 0
10 56 0
10 137 0
10 228 0
10 115 0
10 117 0
10 56 0
10 91 0
10 40 0
10 228 0
10 35 0
10 56 0
10 91 0
10 76 0
10 179 0
10 91 0
10 190 0
10 56 0
10 132 0
10 40 0
10 214 0
10 222 0
10 40 0
10 14 0
10 214 0
10 89 0
10 245 0
11 18 0
11 146 0
11 55 0
11 62 0
11 81 0
11 172 0
11 161 0
11 232 0
11 171 0
11 145 0
11 172 0
11 32 0
11 161 0
11 9 0
11 232 0
11 89 0
11 87 0
11 124 0
11 161 0
11 9 0
11 232 0
11 157 0
11 197 0
11 253 0
11 21 0
11 114 0
11 157 0
11 194 0
11 9 0
11 197 0
11 9 0
11 253 0
11 181 0
11 132 0
11 30 0
11 153 0
11 89 0
11 94 0
11 232 0
11 85 0
11 1 0
11 161 0
12 80 0
12 221 0
12 165 0
12 184 0
12 228 0
12 135 0
12 19 0
12 187 0
12 33 0
12 77 0
12 105 0
12 164 0
12 187 0
12 122 0
12 41 0
12 44 0
12 14 0
12 157 0
12 187 0
12 46 0
12 41 0
12 122 0
12 68 0
12 98 0
12 187 0
12 41 0
12 31 0
12 122 0
12 23 0
12 92 0
12 187 0
12 41 0
12 122 0
12 68 0
12 14 0
12 174 0
12 43 0
12 142 0
12 210 0
12 45 0
12 87 0
12 105 0
13 129 0
13 239 0
13 82 0
13 48 0
13 253 0
13 63 0
13 129 0
13 155 0
13 4 0
13 100 0
13 84 0
13 112 0
13 12 0
13 15 0
13 155 0
13 125 0
13 106 0
13 69 0
13 12 0
13 88 0
13 84 0
13 15 0
13 125 0
13 8 0
13 88 0
13 84 0
13 241 0
13 12 0
13 125 0
13 251 0
13 138 0
13 84 0
13 12 0
13 15 0
13 125 0
13 14 0
13 148 0
13 4 0
13 91 0
13 14 0
13 38 0
13 248 0
14 164 0
14 33 0
14 147 0
14 225 0
14 21 0
14 181 0
14 224 0
14 200 0
14 255 0
14 33 0
14 38 0
14 147 0
14 200 0
14 224 0
14 170 0
14 33 0
14 41 0
14 246 0
14 200 0
14 41 0
14 224 0
14 57 0
14 170 0
14 246 0
14 200 0
14 80 0
14 41 0
14 246 0
14 234 0
14 16 0
14 200 0
14 182 0
14 41 0
14 170 0
14 73 0
14 246 0
14 49 0
14 235 0
14 151 0
14 7 0
14 73 0
14 208 0
15 90 0
15 242 0
15 145 0
15 186 0
15 239 0
15 22 0
15 60 0
15 188 0
15 107 0
15 180 0
15 100 0
15 66 0
15 100 0
15 176 0
15 4 0
15 106 0
15 95 0
15 169 0
15 15 0
15 100 0
15 135 0
15 192 0
15 210 0
15 60 0
15 100 0
15 162 0
15 212 0
15 60 0
15 135 0
15 79 0
15 100 0
15 212 0
15 79 0
15 51 0
15 66 0
15 192 0
15 27 0
15 213 0
15 95 0
15 83 0
15 46 0
15 121 0
16 250 0
16 165 0
16 10 0
16 76 0
16 205 0
16 253 0
16 26 0
16 255 0
16 12 0
16 234 0
16 155 0
16 254 0
16 246 0
16 91 0
16 118 0
16 92 0
16 61 0
16 36 0
16 133 0
16 92 0
16 246 0
16 118 0
16 91 0
16 106 0
16 131 0
16 246 0
16 92 0
16 148 0
16 118 0
16 30 0
16 106 0
16 131 0
16 143 0
16 36 0
16 213 0
16 91 0
16 61 0
16 255 0
16 205 0
16 30 0
16 155 0
16 57 0
17 181 0
17 22 0
17 113 0
17 182 0
17 68 0
17 222 0
17 5 0
17 104 0
17 236 0
17 62 0
17 198 0
17 33 0
17 5 0
17 198 0
17 255 0
17 253 0
17 161 0
17 200 0
17 5 0
17 255 0
17 253 0
17 161 0
17 63 0
17 4 0
17 5 0
17 253 0
17 255 0
17 166 0
17 63 0
17 161 0
17 5 0
17 253 0
17 221 0
17 4 0
17 195 0
17 255 0
17 5 0
17 108 0
17 236 0
17 104 0
17 33 0
17 222 0
18 83 0
18 186 0
18 74 0
18 152 0
18 193 0
18 96 0
18 206 0
18 193 0
18 241 0
18 208 0
18 75 0
18 125 0
18 206 0
18 125 0
18 229 0
18 75 0
18 184 0
18 208 0
18 36 0
18 224 0
18 156 0
18 229 0
18 184 0
18 212 0
18 229 0
18 241 0
18 108 0
18 156 0
18 224 0
18 75 0
18 229 0
18 36 0
18 75 0
18 224 0
18 154 0
18 23 0
18 183 0
18 209 0
18 43 0
18 179 0
18 246 0
18 208 0
19 38 0
19 116 0
19 190 0
19 249 0
19 4 0
19 150 0
19 191 0
19 3 0
19 223 0
19 73 0
19 131 0
19 70 0
19 191 0
19 131 0
19 70 0
19 220 0
19 79 0
19 3 0
19 225 0
19 78 0
19 191 0
19 92 0
19 250 0
19 40 0
19 78 0
19 19 0
19 148 0
19 118 0
19 191 0
19 182 0
19 107 0
19 245 0
19 234 0
19 176 0
19 131 0
19 109 0
19 163 0
19 176 0
19 186 0
19 234 0
19 187 0
19 193 0
20 86 0
20 147 0
20 63 0
20 244 0
20 239 0
20 89 0
20 200 0
20 151 0
20 118 0
20 191 0
20 65 0
20 187 0
20 151 0
20 200 0
20 118 0
20 81 0
20 3 0
20 187 0
20 151 0
20 65 0
20 140 0
20 118 0
20 95 0
20 249 0
20 151 0
20 140 0
20 49 0
20 187 0
20 70 0
20 118 0
20 187 0
20 151 0
20 254 0
20 132 0
20 21 0
20 200 0
20 187 0
20 61 0
20 130 0
20 151 0
20 131 0
20 149 0
21 177 0
21 240 0
21 222 0
21 167 0
21 207 0
21 97 0
21 75 0
21 22 0
21 240 0
21 129 0
21 226 0
21 184 0
21 22 0
21 238 0
21 75 0
21 240 0
21 197 0
21 178 0
21 22 0
21 119 0
21 193 0
21 93 0
21 178 0
21 196 0
21 22 0
21 197 0
21 119 0
21 201 0
21 9 0
21 123 0
21 197 0
21 201 0
21 243 0
21 123 0
21 178 0
21 75 0
21 49 0
21 28 0
21 75 0
21 109 0
21 205 0
21 218 0
22 205 0
22 178 0
22 38 0
22 82 0
22 140 0
22 203 0
22 205 0
22 17 0
22 147 0
22 156 0
22 157 0
22 160 0
22 205 0
22 17 0
22 147 0
22 123 0
22 157 0
22 13 0
22 185 0
22 101 0
22 252 0
22 205 0
22 147 0
22 123 0
22 194 0
22 123 0
22 70 0
22 125 0
22 185 0
22 158 0
22 123 0
22 103 0
22 205 0
22 117 0
22 13 0
22 147 0
22 156 0
22 239 0
22 216 0
22 37 0
22 0 0
22 205 0
23 179 0
23 247 0
23 188 0
23 25 0
23 242 0
23 198 0
23 226 0
23 233 0
23 201 0
23 231 0
23 158 0
23 165 0
23 201 0
23 194 0
23 8 0
23 122 0
23 158 0
23 226 0
23 165 0
23 73 0
23 235 0
23 77 0
23 1 0
23 45 0
23 235 0
23 45 0
23 122 0
23 93 0
23 74 0
23 1 0
23 210 0
23 122 0
23 165 0
23 235 0
23 93 0
23 49 0
23 60 0
23 118 0
23 210 0
23 194 0
23 76 0
23 228 0
24 114 0
24 65 0
24 168 0
24 89 0
24 103 0
24 76 0
24 135 0
24 205 0
24 220 0
24 196 0
24 209 0
24 246 0
24 135 0
24 205 0
24 246 0
24 208 0
24 166 0
24 209 0
24 207 0
24 205 0
24 246 0
24 204 0
24 74 0
24 35 0
24 246 0
24 205 0
24 168 0
24 121 0
24 15 0
24 54 0
24 246 0
24 168 0
24 91 0
24 228 0
24 205 0
24 58 0
24 58 0
24 209 0
24 139 0
24 152 0
24 196 0
24 103 0
25 60 0
25 120 0
25 64 0
25 244 0
25 243 0
25 214 0
25 137 0
25 164 0
25 219 0
25 55 0
25 117 0
25 88 0
25 164 0
25 55 0
25 47 0
25 98 0
25 0 0
25 117 0
25 47 0
25 4 0
25 0 0
25 98 0
25 80 0
25 120 0
25 0 0
25 164 0
25 175 0
25 120 0
25 143 0
25 86 0
25 0 0
25 164 0
25 216 0
25 143 0
25 86 0
25 120 0
25 219 0
25 133 0
25 0 0
25 68 0
25 216 0
25 114 0
26 73 0
26 130 0
26 115 0
26 84 0
26 52 0
26 7 0
26 52 0
26 31 0
26 94 0
26 17 0
26 146 0
26 163 0
26 52 0
26 104 0
26 71 0
26 25 0
26 9 0
26 94 0
26 31 0
26 25 0
26 219 0
26 98 0
26 13 0
26 131 0
26 25 0
26 98 0
26 138 0
26 101 0
26 104 0
26 174 0
26 25 0
26 98 0
26 101 0
26 140 0
26 18 0
26 71 0
26 191 0
26 18 0
26 69 0
26 61 0
26 209 0
26 11 0
27 233 0
27 128 0
27 101 0
27 148 0
27 88 0
27 159 0
27 128 0
27 243 0
27 108 0
27 46 0
27 31 0
27 11 0
27 128 0
27 5 0
27 78 0
27 108 0
27 243 0
27 198 0
27 48 0
27 64 0
27 88 0
27 5 0
27 162 0
27 15 0
27 5 0
27 249 0
27 163 0
27 88 0
27 126 0
27 228 0
27 249 0
27 5 0
27 224 0
27 86 0
27 218 0
27 126 0
27 152 0
27 39 0
27 140 0
27 5 0
27 25 0
27 184 0
28 32 0
28 225 0
28 38 0
28 70 0
28 143 0
28 102 0
28 26 0
28 201 0
28 56 0
28 89 0
28 76 0
28 48 0
28 162 0
28 203 0
28 26 0
28 128 0
28 159 0
28 173 0
28 222 0
28 203 0
28 173 0
28 179 0
28 160 0
28 159 0
28 75 0
28 211 0
28 162 0
28 160 0
28 51 0
28 203 0
28 85 0
28 160 0
28 88 0
28 211 0
28 162 0
28 2 0
28 101 0
28 19 0
28 203 0
28 177 0
28 87 0
28 235 0
29 126 0
29 47 0
29 242 0
29 23 0
29 180 0
29 219 0
29 238 0
29 221 0
29 36 0
29 225 0
29 2 0
29 109 0
29 254 0
29 131 0
29 238 0
29 154 0
29 24 0
29 178 0
29 210 0
29 62 0
29 31 0
29 178 0
29 232 0
29 154 0
29 215 0
29 254 0
29 210 0
29 211 0
29 41 0
29 198 0
29 29 0
29 215 0
29 210 0
29 12 0
29 222 0
29 2 0
29 81 0
29 2 0
29 132 0
29 226 0
29 230 0
29 30 0
30 176 0
30 90 0
30 175 0
30 157 0
30 102 0
30 93 0
30 230 0
30 134 0
30 35 0
30 90 0
30 130 0
30 85 0
30 230 0
30 134 0
30 35 0
30 231 0
30 133 0
30 47 0
30 143 0
30 251 0
30 109 0
30 230 0
30 237 0
30 120 0
30 134 0
30 35 0
30 230 0
30 251 0
30 79 0
30 117 0
30 35 0
30 134 0
30 79 0
30 230 0
30 3 0
30 113 0
30 236 0
30 35 0
30 201 0
30 47 0
30 59 0
30 148 0
31 182 0
31 180 0
31 90 0
31 171 0
31 25 0
31 40 0
31 18 0
31 205 0
31 44 0
31 9 0
31 202 0
31 146 0
31 226 0
31 10 0
31 120 0
31 20 0
31 49 0
31 146 0
31 165 0
31 56 0
31 126 0
31 146 0
31 57 0
31 49 0
31 126 0
31 205 0
31 123 0
31 10 0
31 226 0
31 49 0
31 123 0
31 10 0
31 120 0
31 3 0
31 126 0
31 242 0
31 94 0
31 123 0
31 78 0
31 10 0
31 214 0
31 215 0
32 216 0
32 141 0
32 246 0
32 150 0
32 185 0
32 43 0
32 90 0
32 103 0
32 49 0
32 196 0
32 17 0
32 228 0
32 90 0
32 244 0
32 14 0
32 89 0
32 17 0
32 49 0
32 14 0
32 242 0
32 90 0
32 195 0
32 49 0
32 89 0
32 49 0
32 216 0
32 12 0
32 23 0
32 14 0
32 242 0
32 49 0
32 135 0
32 216 0
32 109 0
32 12 0
32 23 0
32 193 0
32 14 0
32 172 0
32 17 0
32 83 0
32 135 0
33 65 0
33 189 0
33 221 0
33 62 0
33 68 0
33 203 0
33 102 0
33 222 0
33 122 0
33 242 0
33 14 0
33 193 0
33 255 0
33 29 0
33 48 0
33 102 0
33 122 0
33 14 0
33 223 0
33 181 0
33 233 0
33 208 0
33 112 0
33 95 0
33 3 0
33 224 0
33 27 0
33 255 0
33 25 0
33 242 0
33 255 0
33 3 0
33 224 0
33 25 0
33 48 0
33 208 0
33 255 0
33 174 0
33 224 0
33 48 0
33 22 0
33 47 0
34 33 0
34 121 0
34 195 0
34 147 0
34 103 0
34 247 0
34 12 0
34 188 0
34 11 0
34 233 0
34 64 0
34 152 0
34 159 0
34 70 0
34 5 0
34 104 0
34 128 0
34 188 0
34 22 0
34 136 0
34 104 0
34 188 0
34 179 0
34 57 0
34 136 0
34 181 0
34 188 0
34 11 0
34 243 0
34 106 0
34 188 0
34 181 0
34 70 0
34 80 0
34 243 0
34 106 0
34 207 0
34 243 0
34 136 0
34 246 0
34 104 0
34 2 0
35 81 0
35 254 0
35 8 0
35 58 0
35 23 0
35 240 0
35 203 0
35 113 0
35 37 0
35 120 0
35 24 0
35 67 0
35 198 0
35 203 0
35 158 0
35 217 0
35 43 0
35 246 0
35 243 0
35 56 0
35 230 0
35 43 0
35 100 0
35 159 0
35 37 0
35 179 0
35 7 0
35 215 0
35 29 0
35 56 0
35 37 0
35 71 0
35 164 0
35 190 0
35 203 0
35 43 0
35 84 0
35 216 0
35 164 0
35 71 0
35 237 0
35 89 0
36 104 0
36 108 0
36 52 0
36 193 0
36 142 0
36 241 0
36 38 0
36 139 0
36 143 0
36 89 0
36 148 0
36 81 0
36 139 0
36 38 0
36 26 0
36 45 0
36 84 0
36 230 0
36 24 0
36 152 0
36 26 0
36 45 0
36 139 0
36 84 0
36 139 0
36 24 0
36 223 0
36 152 0
36 208 0
36 5 0
36 5 0
36 139 0
36 10 0
36 223 0
36 152 0
36 45 0
36 10 0
36 144 0
36 152 0
36 45 0
36 5 0
36 26 0
37 93 0
37 128 0
37 170 0
37 19 0
37 105 0
37 49 0
37 110 0
37 51 0
37 213 0
37 71 0
37 171 0
37 248 0
37 152 0
37 110 0
37 129 0
37 239 0
37 245 0
37 253 0
37 216 0
37 69 0
37 133 0
37 222 0
37 110 0
37 19 0
37 110 0
37 152 0
37 245 0
37 248 0
37 55 0
37 19 0
37 250 0
37 245 0
37 239 0
37 55 0
37 110 0
37 248 0
37 245 0
37 55 0
37 106 0
37 33 0
37 138 0
37 231 0
38 152 0
38 84 0
38 19 0
38 130 0
38 38 0
38 112 0
38 33 0
38 114 0
38 23 0
38 30 0
38 115 0
38 202 0
38 189 0
38 22 0
38 38 0
38 245 0
38 195 0
38 99 0
38 234 0
38 46 0
38 143 0
38 1 0
38 171 0
38 148 0
38 23 0
38 209 0
38 179 0
38 43 0
38 189 0
38 35 0
38 23 0
38 32 0
38 43 0
38 35 0
38 41 0
38 189 0
38 247 0
38 95 0
38 32 0
38 10 0
38 43 0
38 46 0
39 228 0
39 64 0
39 217 0
39 89 0
39 62 0
39 141 0
39 165 0
39 78 0
39 60 0
39 121 0
39 120 0
39 193 0
39 228 0
39 78 0
39 163 0
39 121 0
39 226 0
39 191 0
39 252 0
39 173 0
39 170 0
39 212 0
39 112 0
39 40 0
39 121 0
39 252 0
39 166 0
39 191 0
39 123 0
39 39 0
39 121 0
39 162 0
39 191 0
39 9 0
39 182 0
39 212 0
39 221 0
39 191 0
39 79 0
39 168 0
39 9 0
39 255 0
40 29 0
40 139 0
40 232 0
40 184 0
40 183 0
40 164 0
40 235 0
40 164 0
40 211 0
40 111 0
40 29 0
40 129 0
40 229 0
40 7 0
40 230 0
40 209 0
40 29 0
40 51 0
40 7 0
40 25 0
40 203 0
40 110 0
40 207 0
40 193 0
40 7 0
40 207 0
40 122 0
40 229 0
40 221 0
40 69 0
40 7 0
40 229 0
40 208 0
40 104 0
40 196 0
40 69 0
40 229 0
40 208 0
40 104 0
40 122 0
40 148 0
40 7 0
41 154 0
41 40 0
41 201 0
41 243 0
41 227 0
41 111 0
41 52 0
41 142 0
41 95 0
41 109 0
41 121 0
41 243 0
41 109 0
41 7 0
41 107 0
41 30 0
41 130 0
41 52 0
41 58 0
41 130 0
41 70 0
41 155 0
41 64 0
41 131 0
41 92 0
41 185 0
41 109 0
41 54 0
41 121 0
41 52 0
41 52 0
41 78 0
41 30 0
41 82 0
41 70 0
41 185 0
41 232 0
41 153 0
41 30 0
41 97 0
41 236 0
41 238 0
42 26 0
42 28 0
42 123 0
42 23 0
42 152 0
42 154 0
42 78 0
42 233 0
42 34 0
42 137 0
42 209 0
42 131 0
42 137 0
42 202 0
42 241 0
42 101 0
42 142 0
42 200 0
42 124 0
42 56 0
42 6 0
42 241 0
42 253 0
42 165 0
42 137 0
42 47 0
42 59 0
42 239 0
42 142 0
42 75 0
42 131 0
42 137 0
42 56 0
42 59 0
42 41 0
42 142 0
42 205 0
42 41 0
42 112 0
42 73 0
42 137 0
42 143 0
0 18 1
0 186 1
0 251 1
0 27 1
0 99 1
0 51 1
1 133 1
1 19 1
1 175 1
1 78 1
1 146 1
1 231 1
2 48 1
2 166 1
2 13 1
2 215 1
2 202 1
2 229 1
3 71 1
3 166 1
3 101 1
3 235 1
3 68 1
3 124 1
4 97 1
4 8 1
4 194 1
4 242 1
4 233 1
4 28 1
5 208 1
5 93 1
5 205 1
5 169 1
5 210 1
5 62 1
6 111 1
6 1 1
6 16 1
6 138 1
6 53 1
6 201 1
7 141 1
7 233 1
7 140 1
7 122 1
7 135 1
7 239 1
8 28 1
8 115 1
8 200 1
8 161 1
8 146 1
8 20 1
9 105 1
9 242 1
9 184 1
9 13 1
9 57 1
9 246 1
10 162 1
10 178 1
10 40 1
10 222 1
10 201 1
10 14 1
11 89 1
11 35 1
11 232 1
11 85 1
11 34 1
11 16 1
12 142 1
12 43 1
12 210 1
12 122 1
12 11 1
12 105 1
13 14 1
13 148 1
13 4 1
13 91 1
13 146 1
13 112 1
14 49 1
14 235 1
14 1 1
14 73 1
14 245 1
14 38 1
15 25 1
15 176 1
15 104 1
15 5 1
15 213 1
15 27 1
16 255 1
16 179 1
16 57 1
16 176 1
16 172 1
16 205 1
17 108 1
17 61 1
17 104 1
17 5 1
17 214 1
17 195 1
18 166 1
18 183 1
18 220 1
18 75 1
18 246 1
18 209 1
19 10 1
19 193 1
19 47 1
19 181 1
19 234 1
19 60 1
20 216 1
20 187 1
20 53 1
20 219 1
20 61 1
20 149 1
21 49 1
21 28 1
21 102 1
21 202 1
21 146 1
21 109 1
22 156 1
22 157 1
22 239 1
22 123 1
22 10 1
22 135 1
23 143 1
23 60 1
23 228 1
23 8 1
23 193 1
23 165 1
24 209 1
24 58 1
24 196 1
24 139 1
24 168 1
24 212 1
25 0 1
25 133 1
25 219 1
25 111 1
25 120 1
25 175 1
26 18 1
26 69 1
26 191 1
26 209 1
26 11 1
26 101 1
27 5 1
27 152 1
27 39 1
27 184 1
27 88 1
27 222 1
28 19 1
28 203 1
28 101 1
28 160 1
28 177 1
28 138 1
29 132 1
29 238 1
29 81 1
29 222 1
29 2 1
29 230 1
30 236 1
30 47 1
30 35 1
30 252 1
30 27 1
30 117 1
31 120 1
31 94 1
31 46 1
31 207 1
31 123 1
31 142 1
32 14 1
32 135 1
32 83 1
32 178 1
32 109 1
32 193 1
33 255 1
33 224 1
33 25 1
33 48 1
33 174 1
33 129 1
34 243 1
34 136 1
34 70 1
34 104 1
34 11 1
34 177 1
35 216 1
35 182 1
35 84 1
35 230 1
35 104 1
35 235 1
36 10 1
36 45 1
36 152 1
36 229 1
36 5 1
36 26 1
37 245 1
37 240 1
37 55 1
37 231 1
37 151 1
37 203 1
38 43 1
38 46 1
38 32 1
38 41 1
38 247 1
38 1 1
39 191 1
39 179 1
39 168 1
39 182 1
39 221 1
39 237 1
40 229 1
40 104 1
40 42 1
40 72 1
40 225 1
40 162 1
41 30 1
41 130 1
41 232 1
41 153 1
41 70 1
41 236 1
42 205 1
42 112 1
42 73 1
42 198 1
42 41 1
42 124 1
0 146 2
0 73 2
0 91 2
0 41 2
0 101 2
0 175 2
1 122 2
1 130 2
1 110 2
1 143 2
1 146 2
1 107 2
2 47 2
2 90 2
2 38 2
2 65 2
2 16 2
2 176 2
3 71 2
3 40 2
3 133 2
3 173 2
3 231 2
3 253 2
4 97 2
4 126 2
4 151 2
4 8 2
4 236 2
4 70 2
5 52 2
5 205 2
5 208 2
5 93 2
5 46 2
5 164 2
6 16 2
6 1 2
6 53 2
6 30 2
6 111 2
6 39 2
7 141 2
7 180 2
7 191 2
7 95 2
7 140 2
7 66 2
8 71 2
8 200 2
8 115 2
8 146 2
8 16 2
8 28 2
9 127 2
9 242 2
9 219 2
9 77 2
9 248 2
9 155 2
10 228 2
10 40 2
10 214 2
10 178 2
10 35 2
10 59 2
11 9 2
11 232 2
11 89 2
11 16 2
11 1 2
11 35 2
12 122 2
12 187 2
12 41 2
12 142 2
12 46 2
12 14 2
13 14 2
13 125 2
13 88 2
13 252 2
13 12 2
13 4 2
14 49 2
14 1 2
14 235 2
14 245 2
14 73 2
14 41 2
15 104 2
15 176 2
15 79 2
15 192 2
15 213 2
15 209 2
16 85 2
16 240 2
16 176 2
16 57 2
16 59 2
16 255 2
17 3 2
17 108 2
17 61 2
17 222 2
17 195 2
17 104 2
18 166 2
18 160 2
18 75 2
18 36 2
18 23 2
18 241 2
19 225 2
19 78 2
19 19 2
19 10 2
19 40 2
19 92 2
20 140 2
20 110 2
20 182 2
20 187 2
20 171 2
20 193 2
21 119 2
21 41 2
21 75 2
21 49 2
21 201 2
21 155 2
22 185 2
22 101 2
22 158 2
22 252 2
22 16 2
22 176 2
23 235 2
23 73 2
23 45 2
23 0 2
23 23 2
23 64 2
24 168 2
24 204 2
24 205 2
24 121 2
24 229 2
24 254 2
25 0 2
25 47 2
25 175 2
25 120 2
25 143 2
25 9 2
26 150 2
26 98 2
26 37 2
26 191 2
26 223 2
26 128 2
27 5 2
27 88 2
27 64 2
27 48 2
27 25 2
27 106 2
28 160 2
28 222 2
28 203 2
28 179 2
28 138 2
28 21 2
29 215 2
29 210 2
29 126 2
29 200 2
29 238 2
29 2 2
30 35 2
30 251 2
30 143 2
30 36 2
30 2 2
30 120 2
31 126 2
31 10 2
31 165 2
31 244 2
31 255 2
31 32 2
32 14 2
32 135 2
32 12 2
32 109 2
32 178 2
32 242 2
33 224 2
33 181 2
33 25 2
33 255 2
33 47 2
33 91 2
34 136 2
34 11 2
34 22 2
34 177 2
34 243 2
34 179 2
35 230 2
35 56 2
35 74 2
35 243 2
35 63 2
35 140 2
36 45 2
36 152 2
36 24 2
36 229 2
36 26 2
36 5 2
37 240 2
37 216 2
37 133 2
37 245 2
37 69 2
37 151 2
38 43 2
38 46 2
38 234 2
38 148 2
38 187 2
38 209 2
39 252 2
39 154 2
39 184 2
39 179 2
39 64 2
39 30 2
40 42 2
40 211 2
40 110 2
40 7 2
40 111 2
40 104 2
41 130 2
41 58 2
41 236 2
41 70 2
41 41 2
41 64 2
42 124 2
42 75 2
42 6 2
42 158 2
42 98 2
42 253 2
0 20 3
0 13 3
0 96 3
0 155 3
0 113 3
0 238 3
1 232 3
1 116 3
1 213 3
1 164 3
1 197 3
1 105 3
2 96 3
2 210 3
2 149 3
2 231 3
2 70 3
2 32 3
3 40 3
3 224 3
3 228 3
3 133 3
3 173 3
3 100 3
4 126 3
4 0 3
4 146 3
4 100 3
4 30 3
4 207 3
5 46 3
5 65 3
5 116 3
5 135 3
5 52 3
5 120 3
6 39 3
6 252 3
6 6 3
6 35 3
6 249 3
6 17 3
7 141 3
7 238 3
7 133 3
7 36 3
7 180 3
7 95 3
8 71 3
8 16 3
8 189 3
8 232 3
8 47 3
8 36 3
9 219 3
9 77 3
9 248 3
9 127 3
9 207 3
9 223 3
10 228 3
10 35 3
10 179 3
10 76 3
10 254 3
10 213 3
11 21 3
11 157 3
11 194 3
11 197 3
11 114 3
11 149 3
12 23 3
12 41 3
12 38 3
12 168 3
12 101 3
12 31 3
13 88 3
13 13 3
13 241 3
13 251 3
13 125 3
13 51 3
14 80 3
14 234 3
14 100 3
14 143 3
14 41 3
14 236 3
15 246 3
15 86 3
15 158 3
15 147 3
15 135 3
15 209 3
16 92 3
16 162 3
16 96 3
16 148 3
16 139 3
16 252 3
17 93 3
17 63 3
17 112 3
17 173 3
17 3 3
17 249 3
18 108 3
18 75 3
18 160 3
18 79 3
18 115 3
18 156 3
19 78 3
19 19 3
19 148 3
19 118 3
19 182 3
19 4 3
20 182 3
20 140 3
20 49 3
20 187 3
20 198 3
20 193 3
21 119 3
21 155 3
21 193 3
21 75 3
21 123 3
21 201 3
22 194 3
22 70 3
22 123 3
22 176 3
22 125 3
22 183 3
23 235 3
23 175 3
23 45 3
23 74 3
23 106 3
23 77 3
24 168 3
24 64 3
24 229 3
24 254 3
24 206 3
24 121 3
25 0 3
25 143 3
25 120 3
25 175 3
25 48 3
25 98 3
26 98 3
26 37 3
26 223 3
26 104 3
26 191 3
26 41 3
27 5 3
27 96 3
27 88 3
27 25 3
27 48 3
27 253 3
28 160 3
28 211 3
28 94 3
28 249 3
28 232 3
28 179 3
29 215 3
29 210 3
29 126 3
29 254 3
29 200 3
29 58 3
30 35 3
30 2 3
30 113 3
30 251 3
30 117 3
30 36 3
31 10 3
31 126 3
31 81 3
31 255 3
31 244 3
31 54 3
32 135 3
32 12 3
32 238 3
32 83 3
32 109 3
32 87 3
33 224 3
33 255 3
33 59 3
33 64 3
33 25 3
33 129 3
34 177 3
34 11 3
34 139 3
34 246 3
34 70 3
34 243 3
35 29 3
35 146 3
35 76 3
35 109 3
35 179 3
35 64 3
36 45 3
36 40 3
36 229 3
36 100 3
36 24 3
36 152 3
37 240 3
37 248 3
37 245 3
37 138 3
37 151 3
37 43 3
38 43 3
38 201 3
38 209 3
38 38 3
38 32 3
38 46 3
39 115 3
39 191 3
39 179 3
39 166 3
39 154 3
39 27 3
40 211 3
40 7 3
40 174 3
40 106 3
40 35 3
40 42 3
41 247 3
41 92 3
41 56 3
41 70 3
41 236 3
41 235 3
42 146 3
42 75 3
42 178 3
42 59 3
42 137 3
42 229 3
0 178 4
0 16 4
0 44 4
0 224 4
0 42 4
0 66 4
1 84 4
1 250 4
1 75 4
1 116 4
1 2 4
1 157 4
2 214 4
2 230 4
2 120 4
2 68 4
2 178 4
2 55 4
3 185 4
3 71 4
3 101 4
3 202 4
3 224 4
3 135 4
4 97 4
4 233 4
4 163 4
4 8 4
4 46 4
4 122 4
5 176 4
5 52 4
5 208 4
5 205 4
5 86 4
5 204 4
6 111 4
6 132 4
6 53 4
6 16 4
6 1 4
6 138 4
7 140 4
7 135 4
7 141 4
7 191 4
7 233 4
7 1 4
8 200 4
8 115 4
8 101 4
8 16 4
8 180 4
8 28 4
9 126 4
9 242 4
9 188 4
9 114 4
9 77 4
9 155 4
10 8 4
10 40 4
10 228 4
10 178 4
10 4 4
10 35 4
11 9 4
11 110 4
11 157 4
11 132 4
11 245 4
11 16 4
12 122 4
12 86 4
12 46 4
12 41 4
12 43 4
12 221 4
13 103 4
13 88 4
13 14 4
13 106 4
13 125 4
13 194 4
14 1 4
14 49 4
14 20 4
14 41 4
14 47 4
14 168 4
15 151 4
15 104 4
15 176 4
15 25 4
15 212 4
15 15 4
16 200 4
16 36 4
16 176 4
16 179 4
16 240 4
16 191 4
17 3 4
17 243 4
17 112 4
17 221 4
17 61 4
17 78 4
18 53 4
18 75 4
18 166 4
18 128 4
18 225 4
18 242 4
19 8 4
19 121 4
19 181 4
19 108 4
19 238 4
19 131 4
20 94 4
20 186 4
20 224 4
20 178 4
20 3 4
20 109 4
21 99 4
21 103 4
21 217 4
21 5 4
21 75 4
21 146 4
22 201 4
22 123 4
22 25 4
22 13 4
22 203 4
22 11 4
23 44 4
23 235 4
23 7 4
23 188 4
23 77 4
23 0 4
24 168 4
24 204 4
24 254 4
24 229 4
24 205 4
24 220 4
25 0 4
25 47 4
25 143 4
25 48 4
25 120 4
25 175 4
26 223 4
26 98 4
26 41 4
26 195 4
26 189 4
26 150 4
27 5 4
27 175 4
27 253 4
27 227 4
27 25 4
27 88 4
28 160 4
28 232 4
28 8 4
28 179 4
28 87 4
28 94 4
29 14 4
29 41 4
29 146 4
29 205 4
29 210 4
29 206 4
30 2 4
30 35 4
30 117 4
30 193 4
30 205 4
30 63 4
31 126 4
31 10 4
31 244 4
31 14 4
31 197 4
31 109 4
32 135 4
32 83 4
32 109 4
32 12 4
32 178 4
32 141 4
33 224 4
33 255 4
33 64 4
33 25 4
33 129 4
33 59 4
34 177 4
34 95 4
34 243 4
34 11 4
34 198 4
34 139 4
35 109 4
35 76 4
35 31 4
35 135 4
35 238 4
35 29 4
36 40 4
36 50 4
36 45 4
36 152 4
36 10 4
36 171 4
37 40 4
37 240 4
37 245 4
37 233 4
37 210 4
37 231 4
38 159 4
38 160 4
38 81 4
38 206 4
38 32 4
38 56 4
39 179 4
39 250 4
39 237 4
39 191 4
39 26 4
39 61 4
40 35 4
40 106 4
40 137 4
40 231 4
40 205 4
40 253 4
41 238 4
41 41 4
41 236 4
41 75 4
41 133 4
41 247 4
42 252 4
42 140 4
42 205 4
42 143 4
42 236 4
42 51 4
0 132 5
0 170 5
0 189 5
0 152 5
0 182 5
0 219 5
1 30 5
1 250 5
1 38 5
1 80 5
1 252 5
1 11 5
2 46 5
2 241 5
2 234 5
2 107 5
2 124 5
2 60 5
3 185 5
3 127 5
3 224 5
3 147 5
3 135 5
3 230 5
4 244 5
4 46 5
4 233 5
4 78 5
4 73 5
4 117 5
5 52 5
5 30 5
5 176 5
5 208 5
5 120 5
5 104 5
6 118 5
6 32 5
6 132 5
6 11 5
6 184 5
6 39 5
7 191 5
7 92 5
7 180 5
7 141 5
7 95 5
7 133 5
8 42 5
8 16 5
8 232 5
8 71 5
8 242 5
8 189 5
9 219 5
9 212 5
9 127 5
9 126 5
9 168 5
9 234 5
10 165 5
10 228 5
10 76 5
10 8 5
10 205 5
10 168 5
11 9 5
11 171 5
11 21 5
11 132 5
11 197 5
11 157 5
12 41 5
12 130 5
12 56 5
12 46 5
12 30 5
12 221 5
13 251 5
13 88 5
13 32 5
13 200 5
13 182 5
13 54 5
14 105 5
14 234 5
14 249 5
14 135 5
14 143 5
14 80 5
15 135 5
15 208 5
15 15 5
15 155 5
15 249 5
15 140 5
16 92 5
16 96 5
16 162 5
16 21 5
16 200 5
16 154 5
17 93 5
17 112 5
17 3 5
17 220 5
17 39 5
17 5 5
18 122 5
18 9 5
18 115 5
18 65 5
18 66 5
18 42 5
19 221 5
19 137 5
19 8 5
19 186 5
19 4 5
19 2 5
20 129 5
20 82 5
20 112 5
20 196 5
20 87 5
20 187 5
21 103 5
21 153 5
21 155 5
21 136 5
21 201 5
21 5 5
22 253 5
22 123 5
22 29 5
22 46 5
22 125 5
22 203 5
23 77 5
23 235 5
23 74 5
23 106 5
23 175 5
23 25 5
24 168 5
24 90 5
24 206 5
24 229 5
24 211 5
24 64 5
25 0 5
25 48 5
25 143 5
25 191 5
25 47 5
25 120 5
26 98 5
26 152 5
26 46 5
26 41 5
26 58 5
26 104 5
27 253 5
27 5 5
27 242 5
27 177 5
27 193 5
27 141 5
28 160 5
28 249 5
28 212 5
28 57 5
28 192 5
28 211 5
29 41 5
29 210 5
29 222 5
29 33 5
29 58 5
29 254 5
30 34 5
30 113 5
30 122 5
30 6 5
30 35 5
30 117 5
31 126 5
31 10 5
31 244 5
31 142 5
31 120 5
31 213 5
32 135 5
32 238 5
32 109 5
32 83 5
32 178 5
32 15 5
33 224 5
33 25 5
33 255 5
33 100 5
33 129 5
33 187 5
34 243 5
34 70 5
34 122 5
34 155 5
34 139 5
34 11 5
35 97 5
35 238 5
35 129 5
35 7 5
35 109 5
35 135 5
36 10 5
36 229 5
36 5 5
36 231 5
36 14 5
36 135 5
37 151 5
37 138 5
37 231 5
37 245 5
37 55 5
37 68 5
38 43 5
38 32 5
38 190 5
38 187 5
38 209 5
38 38 5
39 191 5
39 203 5
39 168 5
39 179 5
39 159 5
39 73 5
40 169 5
40 41 5
40 182 5
40 116 5
40 35 5
40 205 5
41 81 5
41 163 5
41 166 5
41 77 5
41 161 5
41 246 5
42 104 5
42 113 5
42 30 5
42 219 5
42 62 5
42 89 5
0 119 6
0 208 6
0 135 6
0 128 6
0 19 6
0 74 6
1 15 6
1 148 6
1 214 6
1 247 6
1 138 6
1 4 6
2 209 6
2 169 6
2 68 6
2 34 6
2 44 6
2 63 6
3 155 6
3 185 6
3 113 6
3 135 6
3 184 6
3 127 6
4 244 6
4 117 6
4 46 6
4 146 6
4 129 6
4 0 6
5 52 6
5 166 6
5 30 6
5 148 6
5 173 6
5 215 6
6 32 6
6 184 6
6 39 6
6 11 6
6 6 6
6 203 6
7 180 6
7 191 6
7 95 6
7 141 6
7 160 6
7 92 6
8 16 6
8 189 6
8 232 6
8 242 6
8 30 6
8 26 6
9 212 6
9 219 6
9 67 6
9 23 6
9 168 6
9 46 6
10 96 6
10 165 6
10 76 6
10 228 6
10 8 6
10 183 6
11 171 6
11 9 6
11 255 6
11 245 6
11 158 6
11 239 6
12 227 6
12 129 6
12 46 6
12 86 6
12 116 6
12 184 6
13 200 6
13 236 6
13 149 6
13 103 6
13 183 6
13 88 6
14 249 6
14 214 6
14 41 6
14 105 6
14 1 6
14 20 6
15 151 6
15 155 6
15 15 6
15 229 6
15 246 6
15 135 6
16 200 6
16 151 6
16 36 6
16 92 6
16 96 6
16 179 6
17 220 6
17 3 6
17 243 6
17 218 6
17 112 6
17 61 6
18 58 6
18 79 6
18 75 6
18 53 6
18 225 6
18 66 6
19 219 6
19 231 6
19 58 6
19 20 6
19 121 6
19 8 6
20 94 6
20 186 6
20 109 6
20 100 6
20 3 6
20 193 6
21 16 6
21 103 6
21 136 6
21 20 6
21 5 6
21 67 6
22 149 6
22 203 6
22 29 6
22 123 6
22 25 6
22 200 6
23 7 6
23 17 6
23 13 6
23 175 6
23 25 6
23 191 6
24 168 6
24 254 6
24 206 6
24 7 6
24 79 6
24 204 6
25 21 6
25 0 6
25 70 6
25 189 6
25 74 6
25 153 6
26 41 6
26 189 6
26 218 6
26 152 6
26 98 6
26 46 6
27 143 6
27 5 6
27 160 6
27 25 6
27 20 6
27 253 6
28 160 6
28 227 6
28 240 6
28 34 6
28 8 6
28 168 6
29 205 6
29 3 6
29 100 6
29 166 6
29 129 6
29 41 6
30 17 6
30 221 6
30 205 6
30 117 6
30 123 6
30 247 6
31 88 6
31 126 6
31 39 6
31 168 6
31 30 6
31 10 6
32 141 6
32 83 6
32 135 6
32 109 6
32 57 6
32 55 6
33 224 6
33 59 6
33 123 6
33 129 6
33 25 6
33 187 6
34 202 6
34 95 6
34 92 6
34 198 6
34 58 6
34 63 6
35 97 6
35 238 6
35 109 6
35 76 6
35 31 6
35 118 6
36 40 6
36 50 6
36 9 6
36 150 6
36 175 6
36 166 6
37 227 6
37 240 6
37 40 6
37 115 6
37 132 6
37 233 6
38 203 6
38 84 6
38 206 6
38 226 6
38 187 6
38 160 6
39 179 6
39 250 6
39 169 6
39 146 6
39 150 6
39 0 6
40 41 6
40 182 6
40 116 6
40 106 6
40 174 6
40 35 6
41 81 6
41 247 6
41 166 6
41 66 6
41 44 6
41 245 6
42 30 6
42 113 6
42 252 6
42 219 6
42 36 6
42 126 6
0 169 7
0 124 7
0 196 7
0 4 7
0 143 7
0 184 7
1 94 7
1 250 7
1 92 7
1 205 7
1 118 7
1 82 7
2 14 7
2 134 7
2 120 7
2 133 7
2 231 7
2 188 7
3 101 7
3 193 7
3 71 7
3 202 7
3 185 7
3 90 7
4 233 7
4 78 7
4 97 7
4 137 7
4 8 7
4 46 7
5 237 7
5 173 7
5 52 7
5 208 7
5 205 7
5 86 7
6 111 7
6 138 7
6 53 7
6 16 7
6 80 7
6 8 7
7 135 7
7 141 7
7 143 7
7 30 7
7 233 7
7 140 7
8 200 7
8 115 7
8 111 7
8 146 7
8 161 7
8 152 7
9 212 7
9 126 7
9 242 7
9 80 7
9 13 7
9 235 7
10 149 7
10 234 7
10 40 7
10 8 7
10 238 7
10 25 7
11 9 7
11 232 7
11 245 7
11 171 7
11 153 7
11 71 7
12 122 7
12 43 7
12 41 7
12 142 7
12 86 7
12 144 7
13 14 7
13 103 7
13 159 7
13 148 7
13 91 7
13 236 7
14 1 7
14 49 7
14 20 7
14 245 7
14 235 7
14 178 7
15 104 7
15 176 7
15 5 7
15 255 7
15 79 7
15 242 7
16 179 7
16 240 7
16 57 7
16 255 7
16 172 7
16 176 7
17 61 7
17 75 7
17 104 7
17 3 7
17 220 7
17 108 7
18 166 7
18 99 7
18 209 7
18 75 7
18 173 7
18 66 7
19 202 7
19 10 7
19 181 7
19 47 7
19 193 7
19 221 7
20 109 7
20 187 7
20 196 7
20 140 7
20 81 7
20 6 7
21 49 7
21 16 7
21 155 7
21 99 7
21 167 7
21 20 7
22 123 7
22 203 7
22 200 7
22 149 7
22 13 7
22 136 7
23 193 7
23 165 7
23 60 7
23 242 7
23 118 7
23 17 7
24 168 7
24 254 7
24 206 7
24 209 7
24 211 7
24 7 7
25 0 7
25 90 7
25 136 7
25 111 7
25 74 7
25 156 7
26 98 7
26 167 7
26 188 7
26 18 7
26 218 7
26 46 7
27 5 7
27 143 7
27 218 7
27 203 7
27 160 7
27 39 7
28 160 7
28 172 7
28 234 7
28 179 7
28 253 7
28 241 7
29 215 7
29 200 7
29 33 7
29 210 7
29 79 7
29 213 7
30 113 7
30 117 7
30 35 7
30 17 7
30 80 7
30 221 7
31 10 7
31 135 7
31 126 7
31 39 7
31 247 7
31 88 7
32 212 7
32 143 7
32 238 7
32 52 7
32 162 7
32 87 7
33 255 7
33 69 7
33 48 7
33 171 7
33 26 7
33 242 7
34 119 7
34 92 7
34 11 7
34 232 7
34 60 7
34 246 7
35 144 7
35 97 7
35 84 7
35 109 7
35 80 7
35 155 7
36 70 7
36 153 7
36 171 7
36 128 7
36 19 7
36 244 7
37 240 7
37 115 7
37 227 7
37 160 7
37 239 7
37 31 7
38 203 7
38 226 7
38 250 7
38 147 7
38 169 7
38 72 7
39 146 7
39 221 7
39 179 7
39 1 7
39 150 7
39 196 7
40 182 7
40 106 7
40 174 7
40 116 7
40 29 7
40 93 7
41 34 7
41 93 7
41 247 7
41 166 7
41 73 7
41 144 7
42 252 7
42 186 7
42 36 7
42 100 7
42 12 7
42 42 7
0 104 8
0 154 8
0 176 8
0 19 8
0 179 8
0 109 8
1 129 8
1 253 8
1 162 8
1 30 8
1 59 8
1 97 8
2 61 8
2 108 8
2 159 8
2 234 8
2 42 8
2 40 8
3 147 8
3 193 8
3 135 8
3 155 8
3 102 8
3 146 8
4 46 8
4 244 8
4 103 8
4 170 8
4 30 8
4 61 8
5 52 8
5 120 8
5 116 8
5 46 8
5 135 8
5 173 8
6 39 8
6 252 8
6 16 8
6 109 8
6 50 8
6 195 8
7 141 8
7 180 8
7 133 8
7 95 8
7 68 8
7 238 8
8 71 8
8 232 8
8 189 8
8 16 8
8 30 8
8 36 8
9 219 8
9 77 8
9 116 8
9 191 8
9 102 8
9 61 8
10 35 8
10 228 8
10 62 8
10 213 8
10 201 8
10 40 8
11 176 8
11 114 8
11 219 8
11 192 8
11 9 8
11 223 8
12 41 8
12 179 8
12 168 8
12 31 8
12 48 8
12 39 8
13 251 8
13 13 8
13 125 8
13 185 8
13 241 8
13 199 8
14 234 8
14 143 8
14 80 8
14 55 8
14 62 8
14 236 8
15 209 8
15 17 8
15 249 8
15 222 8
15 148 8
15 160 8
16 212 8
16 96 8
16 92 8
16 21 8
16 219 8
16 162 8
17 93 8
17 112 8
17 245 8
17 3 8
17 166 8
17 217 8
18 199 8
18 97 8
18 122 8
18 115 8
18 9 8
18 65 8
19 221 8
19 202 8
19 186 8
19 78 8
19 111 8
19 120 8
20 129 8
20 31 8
20 112 8
20 187 8
20 85 8
20 174 8
21 153 8
21 94 8
21 201 8
21 155 8
21 99 8
21 167 8
22 253 8
22 123 8
22 136 8
22 66 8
22 181 8
22 99 8
23 235 8
23 77 8
23 175 8
23 106 8
23 74 8
23 64 8
24 168 8
24 198 8
24 206 8
24 237 8
24 64 8
24 90 8
25 143 8
25 0 8
25 48 8
25 191 8
25 120 8
25 44 8
26 98 8
26 46 8
26 152 8
26 191 8
26 41 8
26 95 8
27 5 8
27 253 8
27 220 8
27 217 8
27 121 8
27 177 8
28 160 8
28 249 8
28 212 8
28 211 8
28 149 8
28 21 8
29 41 8
29 210 8
29 33 8
29 254 8
29 222 8
29 58 8
30 122 8
30 6 8
30 117 8
30 113 8
30 228 8
30 35 8
31 126 8
31 10 8
31 164 8
31 244 8
31 89 8
31 142 8
32 135 8
32 238 8
32 12 8
32 109 8
32 178 8
32 83 8
33 224 8
33 25 8
33 255 8
33 100 8
33 47 8
33 37 8
34 243 8
34 155 8
34 122 8
34 70 8
34 11 8
34 246 8
35 129 8
35 238 8
35 7 8
35 135 8
35 63 8
35 182 8
36 10 8
36 229 8
36 5 8
36 231 8
36 39 8
36 135 8
37 151 8
37 138 8
37 231 8
37 253 8
37 245 8
37 174 8
38 43 8
38 190 8
38 187 8
38 209 8
38 38 8
38 32 8
39 203 8
39 191 8
39 168 8
39 73 8
39 179 8
39 159 8
40 169 8
40 205 8
40 230 8
40 116 8
40 209 8
40 182 8
41 166 8
41 84 8
41 179 8
41 163 8
41 223 8
41 161 8
42 104 8
42 36 8
42 113 8
42 48 8
42 92 8
42 181 8
0 138 9
0 154 9
0 194 9
0 27 9
0 28 9
0 152 9
1 172 9
1 134 9
1 109 9
1 15 9
1 43 9
1 123 9
2 190 9
2 237 9
2 76 9
2 42 9
2 188 9
2 8 9
3 155 9
3 135 9
3 102 9
3 130 9
3 146 9
3 113 9
4 244 9
4 233 9
4 46 9
4 227 9
4 146 9
4 0 9
5 166 9
5 52 9
5 173 9
5 237 9
5 2 9
5 43 9
6 32 9
6 184 9
6 39 9
6 228 9
6 55 9
6 252 9
7 180 9
7 224 9
7 141 9
7 95 9
7 133 9
7 220 9
8 16 9
8 232 9
8 71 9
8 242 9
8 90 9
8 189 9
9 212 9
9 219 9
9 61 9
9 46 9
9 181 9
9 77 9
10 189 9
10 76 9
10 96 9
10 228 9
10 180 9
10 165 9
11 171 9
11 9 9
11 201 9
11 255 9
11 153 9
11 207 9
12 116 9
12 129 9
12 227 9
12 41 9
12 138 9
12 88 9
13 88 9
13 149 9
13 251 9
13 241 9
13 18 9
13 213 9
14 135 9
14 80 9
14 249 9
14 105 9
14 41 9
14 214 9
15 155 9
15 135 9
15 162 9
15 15 9
15 246 9
15 228 9
16 92 9
16 200 9
16 162 9
16 96 9
16 151 9
16 61 9
17 220 9
17 93 9
17 218 9
17 112 9
17 83 9
17 173 9
18 67 9
18 75 9
18 58 9
18 79 9
18 122 9
18 115 9
19 219 9
19 231 9
19 78 9
19 50 9
19 215 9
19 190 9
20 182 9
20 124 9
20 6 9
20 187 9
20 196 9
20 87 9
21 155 9
21 20 9
21 75 9
21 136 9
21 67 9
21 99 9
22 123 9
22 203 9
22 200 9
22 13 9
22 66 9
22 125 9
23 191 9
23 235 9
23 13 9
23 175 9
23 77 9
23 0 9
24 7 9
24 151 9
24 168 9
24 69 9
24 153 9
24 58 9
25 0 9
25 74 9
25 98 9
25 175 9
25 48 9
25 143 9
26 98 9
26 218 9
26 128 9
26 37 9
26 104 9
26 101 9
27 5 9
27 143 9
27 253 9
27 177 9
27 117 9
27 96 9
28 160 9
28 34 9
28 94 9
28 211 9
28 179 9
28 162 9
29 215 9
29 200 9
29 210 9
29 254 9
29 29 9
29 238 9
30 80 9
30 35 9
30 113 9
30 34 9
30 36 9
30 221 9
31 10 9
31 135 9
31 126 9
31 81 9
31 190 9
31 249 9
32 238 9
32 135 9
32 83 9
32 87 9
32 109 9
32 90 9
33 255 9
33 224 9
33 129 9
33 59 9
33 25 9
33 105 9
34 11 9
34 122 9
34 70 9
34 246 9
34 119 9
34 139 9
35 144 9
35 97 9
35 84 9
35 80 9
35 129 9
35 146 9
36 5 9
36 45 9
36 152 9
36 171 9
36 9 9
36 15 9
37 240 9
37 115 9
37 248 9
37 239 9
37 227 9
37 138 9
38 250 9
38 209 9
38 32 9
38 226 9
38 38 9
38 43 9
39 146 9
39 191 9
39 48 9
39 179 9
39 39 9
39 150 9
40 174 9
40 211 9
40 7 9
40 119 9
40 37 9
40 93 9
41 166 9
41 247 9
41 134 9
41 179 9
41 111 9
41 70 9
42 36 9
42 146 9
42 113 9
42 189 9
42 97 9
42 59 9
0 155 10
0 139 10
0 18 10
0 35 10
0 37 10
0 110 10
1 168 10
1 15 10
1 199 10
1 185 10
1 30 10
1 214 10
2 196 10
2 166 10
2 35 10
2 52 10
2 23 10
2 59 10
3 71 10
3 101 10
3 139 10
3 202 10
3 36 10
3 129 10
4 97 10
4 209 10
4 21 10
4 233 10
4 8 10
4 93 10
5 208 10
5 52 10
5 173 10
5 86 10
5 204 10
5 83 10
6 16 10
6 138 10
6 111 10
6 53 10
6 1 10
6 56 10
7 74 10
7 135 10
7 140 10
7 122 10
7 239 10
7 141 10
8 115 10
8 200 10
8 161 10
8 253 10
8 146 10
8 232 10
9 242 10
9 80 10
9 246 10
9 127 10
9 214 10
9 13 10
10 40 10
10 85 10
10 178 10
10 162 10
10 25 10
10 90 10
11 9 10
11 232 10
11 16 10
11 89 10
11 1 10
11 152 10
12 122 10
12 142 10
12 11 10
12 43 10
12 193 10
12 144 10
13 14 10
13 252 10
13 91 10
13 148 10
13 195 10
13 83 10
14 49 10
14 1 10
14 235 10
14 38 10
14 178 10
14 245 10
15 104 10
15 176 10
15 5 10
15 25 10
15 79 10
15 9 10
16 179 10
16 172 10
16 240 10
16 57 10
16 255 10
16 176 10
17 61 10
17 108 10
17 3 10
17 104 10
17 75 10
17 222 10
18 166 10
18 75 10
18 67 10
18 209 10
18 160 10
18 23 10
19 10 10
19 47 10
19 181 10
19 60 10
19 193 10
19 107 10
20 187 10
20 53 10
20 182 10
20 216 10
20 6 10
20 140 10
21 49 10
21 155 10
21 28 10
21 240 10
21 4 10
21 158 10
22 103 10
22 123 10
22 66 10
22 185 10
22 203 10
22 235 10
23 193 10
23 60 10
23 118 10
23 165 10
23 242 10
23 210 10
24 151 10
24 168 10
24 195 10
24 139 10
24 153 10
24 254 10
25 0 10
25 175 10
25 81 10
25 48 10
25 120 10
25 57 10
26 98 10
26 69 10
26 37 10
26 128 10
26 223 10
26 104 10
27 5 10
27 152 10
27 96 10
27 177 10
27 143 10
27 206 10
28 172 10
28 160 10
28 94 10
28 57 10
28 162 10
28 192 10
29 29 10
29 254 10
29 210 10
29 186 10
29 33 10
29 215 10
30 113 10
30 35 10
30 228 10
30 215 10
30 80 10
30 252 10
31 10 10
31 81 10
31 126 10
31 93 10
31 170 10
31 153 10
32 87 10
32 135 10
32 238 10
32 12 10
32 136 10
32 193 10
33 255 10
33 48 10
33 213 10
33 26 10
33 224 10
33 143 10
34 11 10
34 246 10
34 12 10
34 122 10
34 119 10
34 70 10
35 84 10
35 134 10
35 146 10
35 73 10
35 97 10
35 107 10
36 201 10
36 45 10
36 152 10
36 128 10
36 17 10
36 135 10
37 248 10
37 250 10
37 138 10
37 237 10
37 56 10
37 160 10
38 250 10
38 36 10
38 148 10
38 32 10
38 147 10
38 210 10
39 191 10
39 221 10
39 150 10
39 202 10
39 224 10
39 61 10
40 7 10
40 211 10
40 135 10
40 230 10
40 93 10
40 231 10
41 52 10
41 247 10
41 70 10
41 92 10
41 95 10
41 149 10
42 146 10
42 233 10
42 23 10
42 137 10
42 120 10
42 189 10
0 216 11
0 106 11
0 74 11
0 204 11
0 202 11
0 141 11
1 198 11
1 118 11
1 166 11
1 106 11
1 191 11
1 58 11
2 217 11
2 170 11
2 77 11
2 150 11
2 197 11
2 239 11
3 4 11
3 101 11
3 71 11
3 139 11
3 202 11
3 135 11
4 250 11
4 233 11
4 97 11
4 46 11
4 21 11
4 8 11
5 208 11
5 200 11
5 52 11
5 173 11
5 86 11
5 205 11
6 53 11
6 111 11
6 16 11
6 239 11
6 138 11
6 8 11
7 168 11
7 191 11
7 140 11
7 239 11
7 135 11
7 74 11
8 200 11
8 111 11
8 146 11
8 103 11
8 115 11
8 161 11
9 242 11
9 77 11
9 48 11
9 80 11
9 136 11
9 188 11
10 146 11
10 217 11
10 40 11
10 214 11
10 70 11
10 155 11
11 9 11
11 232 11
11 152 11
11 171 11
11 89 11
11 68 11
12 138 11
12 41 11
12 122 11
12 130 11
12 193 11
12 82 11
13 14 11
13 88 11
13 125 11
13 173 11
13 251 11
13 249 11
14 1 11
14 73 11
14 62 11
14 66 11
14 49 11
14 245 11
15 104 11
15 212 11
15 206 11
15 176 11
15 15 11
15 186 11
16 240 11
16 179 11
16 92 11
16 59 11
16 219 11
16 104 11
17 93 11
17 3 11
17 112 11
17 61 11
17 135 11
17 220 11
18 166 11
18 118 11
18 67 11
18 75 11
18 9 11
18 122 11
19 197 11
19 220 11
19 181 11
19 50 11
19 38 11
19 88 11
20 6 11
20 129 11
20 60 11
20 182 11
20 38 11
20 187 11
21 94 11
21 238 11
21 155 11
21 17 11
21 57 11
21 153 11
22 123 11
22 13 11
22 66 11
22 136 11
22 218 11
22 103 11
23 235 11
23 175 11
23 77 11
23 194 11
23 74 11
23 110 11
24 168 11
24 151 11
24 24 11
24 153 11
24 229 11
24 205 11
25 0 11
25 48 11
25 98 11
25 143 11
25 47 11
25 120 11
26 98 11
26 128 11
26 104 11
26 152 11
26 91 11
26 41 11
27 5 11
27 177 11
27 253 11
27 96 11
27 152 11
27 15 11
28 160 11
28 162 11
28 94 11
28 57 11
28 179 11
28 21 11
29 254 11
29 210 11
29 33 11
29 46 11
29 58 11
29 29 11
30 113 11
30 34 11
30 16 11
30 80 11
30 135 11
30 8 11
31 10 11
31 126 11
31 226 11
31 240 11
31 187 11
31 244 11
32 83 11
32 135 11
32 238 11
32 109 11
32 34 11
32 90 11
33 224 11
33 255 11
33 129 11
33 47 11
33 48 11
33 25 11
34 70 11
34 11 11
34 122 11
34 246 11
34 239 11
34 139 11
35 229 11
35 129 11
35 158 11
35 148 11
35 84 11
35 90 11
36 23 11
36 45 11
36 152 11
36 5 11
36 231 11
36 171 11
37 138 11
37 151 11
37 164 11
37 245 11
37 243 11
37 232 11
38 32 11
38 209 11
38 43 11
38 187 11
38 38 11
38 22 11
39 191 11
39 69 11
39 228 11
39 163 11
39 157 11
39 178 11
40 230 11
40 229 11
40 215 11
40 112 11
40 205 11
40 93 11
41 70 11
41 44 11
41 140 11
41 185 11
41 186 11
41 236 11
42 28 11
42 142 11
42 98 11
42 201 11
42 143 11
42 6 11
0 193 12
0 2 12
0 103 12
0 70 12
0 77 12
0 85 12
1 114 12
1 117 12
1 228 12
1 57 12
1 215 12
1 139 12
2 238 12
2 55 12
2 71 12
2 65 12
2 164 12
2 34 12
3 116 12
3 135 12
3 101 12
3 202 12
3 11 12
3 113 12
4 250 12
4 198 12
4 233 12
4 46 12
4 103 12
4 97 12
5 52 12
5 180 12
5 200 12
5 120 12
5 173 12
5 135 12
6 150 12
6 39 12
6 95 12
6 17 12
6 252 12
6 53 12
7 191 12
7 180 12
7 133 12
7 141 12
7 13 12
7 68 12
8 172 12
8 232 12
8 111 12
8 71 12
8 16 12
8 200 12
9 219 12
9 168 12
9 127 12
9 77 12
9 5 12
9 106 12
10 232 12
10 228 12
10 146 12
10 35 12
10 155 12
10 251 12
11 9 12
11 157 12
11 21 12
11 132 12
11 194 12
11 219 12
12 41 12
12 23 12
12 122 12
12 179 12
12 144 12
12 109 12
13 251 12
13 88 12
13 125 12
13 242 12
13 13 12
13 97 12
14 62 12
14 234 12
14 105 12
14 143 12
14 80 12
14 1 12
15 135 12
15 209 12
15 15 12
15 162 12
15 186 12
15 226 12
16 92 12
16 96 12
16 219 12
16 154 12
16 21 12
16 240 12
17 93 12
17 112 12
17 135 12
17 3 12
17 221 12
17 227 12
18 167 12
18 75 12
18 118 12
18 122 12
18 166 12
18 74 12
19 224 12
19 181 12
19 50 12
19 197 12
19 158 12
19 186 12
20 6 12
20 250 12
20 129 12
20 60 12
20 196 12
20 174 12
21 94 12
21 76 12
21 173 12
21 199 12
21 167 12
21 156 12
22 123 12
22 61 12
22 13 12
22 136 12
22 66 12
22 125 12
23 186 12
23 235 12
23 175 12
23 77 12
23 246 12
23 13 12
24 24 12
24 168 12
24 229 12
24 153 12
24 151 12
24 205 12
25 0 12
25 48 12
25 98 12
25 143 12
25 120 12
25 47 12
26 98 12
26 128 12
26 41 12
26 152 12
26 104 12
26 191 12
27 5 12
27 253 12
27 177 12
27 25 12
27 15 12
27 102 12
28 160 12
28 162 12
28 94 12
28 249 12
28 21 12
28 203 12
29 210 12
29 254 12
29 131 12
29 58 12
29 98 12
29 41 12
30 237 12
30 113 12
30 34 12
30 8 12
30 35 12
30 117 12
31 10 12
31 126 12
31 187 12
31 244 12
31 238 12
31 251 12
32 135 12
32 238 12
32 83 12
32 109 12
32 90 12
32 178 12
33 224 12
33 255 12
33 129 12
33 25 12
33 47 12
33 100 12
34 70 12
34 122 12
34 11 12
34 243 12
34 246 12
34 239 12
35 47 12
35 129 12
35 201 12
35 90 12
35 21 12
35 148 12
36 229 12
36 23 12
36 5 12
36 45 12
36 26 12
36 10 12
37 151 12
37 138 12
37 163 12
37 245 12
37 164 12
37 231 12
38 32 12
38 209 12
38 43 12
38 229 12
38 187 12
38 38 12
39 69 12
39 191 12
39 159 12
39 179 12
39 73 12
39 157 12
40 45 12
40 215 12
40 205 12
40 196 12
40 253 12
40 12 12
41 59 12
41 70 12
41 44 12
41 115 12
41 185 12
41 236 12
42 133 12
42 239 12
42 142 12
42 28 12
42 98 12
42 201 12
0 35 13
0 23 13
0 6 13
0 179 13
0 43 13
0 202 13
1 114 13
1 214 13
1 40 13
1 216 13
1 88 13
1 208 13
2 33 13
2 31 13
2 110 13
2 182 13
2 200 13
2 49 13
3 135 13
3 83 13
3 40 13
3 228 13
3 166 13
3 113 13
4 65 13
4 127 13
4 177 13
4 233 13
4 117 13
4 186 13
5 46 13
5 140 13
5 52 13
5 173 13
5 104 13
5 217 13
6 252 13
6 39 13
6 42 13
6 31 13
6 220 13
6 53 13
7 180 13
7 133 13
7 191 13
7 243 13
7 95 13
7 68 13
8 173 13
8 16 13
8 232 13
8 71 13
8 189 13
8 242 13
9 69 13
9 219 13
9 220 13
9 159 13
9 168 13
9 127 13
10 76 13
10 238 13
10 45 13
10 160 13
10 195 13
10 201 13
11 9 13
11 119 13
11 157 13
11 158 13
11 132 13
11 81 13
12 41 13
12 4 13
12 46 13
12 109 13
12 200 13
12 160 13
13 251 13
13 106 13
13 249 13
13 125 13
13 56 13
13 149 13
14 237 13
14 62 13
14 105 13
14 74 13
14 41 13
14 39 13
15 144 13
15 23 13
15 135 13
15 15 13
15 249 13
15 186 13
16 92 13
16 96 13
16 36 13
16 162 13
16 154 13
16 143 13
17 135 13
17 93 13
17 112 13
17 3 13
17 174 13
17 194 13
18 75 13
18 79 13
18 122 13
18 241 13
18 67 13
18 118 13
19 50 13
19 228 13
19 53 13
19 78 13
19 233 13
19 158 13
20 6 13
20 73 13
20 134 13
20 87 13
20 174 13
20 224 13
21 173 13
21 167 13
21 9 13
21 240 13
21 56 13
21 231 13
22 125 13
22 123 13
22 13 13
22 66 13
22 61 13
22 136 13
23 6 13
23 235 13
23 246 13
23 45 13
23 77 13
23 175 13
24 24 13
24 168 13
24 229 13
24 153 13
24 64 13
24 205 13
25 0 13
25 61 13
25 48 13
25 47 13
25 120 13
25 98 13
26 98 13
26 128 13
26 152 13
26 91 13
26 41 13
26 191 13
27 5 13
27 253 13
27 177 13
27 15 13
27 102 13
27 217 13
28 160 13
28 211 13
28 179 13
28 80 13
28 249 13
28 94 13
29 210 13
29 58 13
29 68 13
29 131 13
29 98 13
29 41 13
30 113 13
30 34 13
30 8 13
30 237 13
30 117 13
30 35 13
31 126 13
31 10 13
31 244 13
31 187 13
31 238 13
31 255 13
32 238 13
32 135 13
32 109 13
32 83 13
32 90 13
32 178 13
33 224 13
33 255 13
33 129 13
33 25 13
33 47 13
33 211 13
34 70 13
34 122 13
34 11 13
34 88 13
34 139 13
34 243 13
35 129 13
35 148 13
35 201 13
35 135 13
35 179 13
35 63 13
36 23 13
36 229 13
36 5 13
36 45 13
36 10 13
36 152 13
37 151 13
37 138 13
37 245 13
37 164 13
37 231 13
37 243 13
38 32 13
38 209 13
38 43 13
38 187 13
38 155 13
38 38 13
39 159 13
39 117 13
39 191 13
39 73 13
39 184 13
39 3 13
40 12 13
40 253 13
40 205 13
40 104 13
40 120 13
40 215 13
41 70 13
41 44 13
41 115 13
41 92 13
41 236 13
41 42 13
42 99 13
42 98 13
42 239 13
42 158 13
42 142 13
42 70 13
0 146 14
0 248 14
0 75 14
0 16 14
0 80 14
0 162 14
1 88 14
1 212 14
1 118 14
1 116 14
1 6 14
1 114 14
2 178 14
2 169 14
2 9 14
2 6 14
2 201 14
2 244 14
3 59 14
3 157 14
3 172 14
3 228 14
3 220 14
3 135 14
4 114 14
4 177 14
4 117 14
4 127 14
4 233 14
4 239 14
5 129 14
5 122 14
5 52 14
5 140 14
5 151 14
5 172 14
6 73 14
6 31 14
6 205 14
6 39 14
6 16 14
6 145 14
7 180 14
7 95 14
7 68 14
7 191 14
7 141 14
7 249 14
8 16 14
8 232 14
8 189 14
8 47 14
8 71 14
8 242 14
9 219 14
9 81 14
9 127 14
9 5 14
9 168 14
9 69 14
10 45 14
10 195 14
10 34 14
10 48 14
10 175 14
10 238 14
11 186 14
11 9 14
11 143 14
11 157 14
11 75 14
11 101 14
12 41 14
12 182 14
12 109 14
12 179 14
12 77 14
12 218 14
13 242 14
13 125 14
13 13 14
13 251 14
13 71 14
13 103 14
14 234 14
14 105 14
14 62 14
14 143 14
14 101 14
14 32 14
15 135 14
15 24 14
15 64 14
15 209 14
15 15 14
15 204 14
16 92 14
16 186 14
16 96 14
16 154 14
16 106 14
16 21 14
17 93 14
17 112 14
17 135 14
17 245 14
17 202 14
17 3 14
18 75 14
18 79 14
18 122 14
18 26 14
18 241 14
18 123 14
19 233 14
19 3 14
19 158 14
19 117 14
19 96 14
19 95 14
20 87 14
20 202 14
20 112 14
20 4 14
20 3 14
20 6 14
21 167 14
21 203 14
21 9 14
21 155 14
21 123 14
21 197 14
22 123 14
22 13 14
22 136 14
22 180 14
22 66 14
22 61 14
23 109 14
23 74 14
23 0 14
23 144 14
23 201 14
23 246 14
24 24 14
24 205 14
24 90 14
24 153 14
24 168 14
24 206 14
25 0 14
25 48 14
25 191 14
25 100 14
25 122 14
25 221 14
26 98 14
26 91 14
26 128 14
26 115 14
26 152 14
26 232 14
27 231 14
27 5 14
27 15 14
27 31 14
27 253 14
27 25 14
28 160 14
28 80 14
28 142 14
28 179 14
28 213 14
28 26 14
29 210 14
29 58 14
29 45 14
29 156 14
29 48 14
29 77 14
30 113 14
30 34 14
30 117 14
30 234 14
30 135 14
30 63 14
31 126 14
31 10 14
31 244 14
31 249 14
31 237 14
31 82 14
32 90 14
32 238 14
32 109 14
32 135 14
32 83 14
32 55 14
33 224 14
33 255 14
33 129 14
33 25 14
33 47 14
33 211 14
34 122 14
34 70 14
34 11 14
34 243 14
34 139 14
34 177 14
35 129 14
35 179 14
35 195 14
35 25 14
35 63 14
35 75 14
36 23 14
36 45 14
36 229 14
36 5 14
36 152 14
36 26 14
37 151 14
37 138 14
37 245 14
37 164 14
37 231 14
37 171 14
38 209 14
38 43 14
38 187 14
38 32 14
38 38 14
38 42 14
39 7 14
39 191 14
39 252 14
39 159 14
39 150 14
39 224 14
40 205 14
40 12 14
40 28 14
40 83 14
40 42 14
40 196 14
41 70 14
41 247 14
41 236 14
41 44 14
41 149 14
41 119 14
42 239 14
42 236 14
42 98 14
42 155 14
42 99 14
42 143 14
0 107 15
0 132 15
0 29 15
0 62 15
0 106 15
0 74 15
1 210 15
1 155 15
1 36 15
1 229 15
1 86 15
1 114 15
2 20 15
2 174 15
2 77 15
2 74 15
2 125 15
2 141 15
3 101 15
3 202 15
3 135 15
3 166 15
3 71 15
3 223 15
4 97 15
4 8 15
4 69 15
4 233 15
4 9 15
4 80 15
5 208 15
5 107 15
5 86 15
5 78 15
5 129 15
5 130 15
6 16 15
6 111 15
6 138 15
6 53 15
6 1 15
6 56 15
7 122 15
7 141 15
7 140 15
7 135 15
7 43 15
7 252 15
8 115 15
8 200 15
8 12 15
8 146 15
8 28 15
8 161 15
9 180 15
9 242 15
9 80 15
9 127 15
9 99 15
9 131 15
10 40 15
10 23 15
10 105 15
10 155 15
10 48 15
10 84 15
11 9 15
11 232 15
11 199 15
11 89 15
11 85 15
11 16 15
12 122 15
12 41 15
12 142 15
12 43 15
12 210 15
12 187 15
13 14 15
13 159 15
13 47 15
13 125 15
13 222 15
13 252 15
14 1 15
14 49 15
14 235 15
14 178 15
14 245 15
14 62 15
15 104 15
15 176 15
15 79 15
15 9 15
15 165 15
15 186 15
16 179 15
16 240 15
16 255 15
16 176 15
16 57 15
16 189 15
17 61 15
17 3 15
17 75 15
17 222 15
17 137 15
17 135 15
18 166 15
18 75 15
18 26 15
18 209 15
18 122 15
18 173 15
19 203 15
19 181 15
19 10 15
19 107 15
19 30 15
19 234 15
20 205 15
20 112 15
20 6 15
20 50 15
20 60 15
20 87 15
21 167 15
21 221 15
21 49 15
21 153 15
21 155 15
21 123 15
22 123 15
22 254 15
22 33 15
22 13 15
22 66 15
22 136 15
23 109 15
23 74 15
23 106 15
23 193 15
23 175 15
23 22 15
24 90 15
24 24 15
24 168 15
24 81 15
24 205 15
24 229 15
25 0 15
25 48 15
25 221 15
25 191 15
25 143 15
25 122 15
26 98 15
26 62 15
26 172 15
26 232 15
26 91 15
26 128 15
27 231 15
27 5 15
27 232 15
27 253 15
27 25 15
27 87 15
28 80 15
28 160 15
28 142 15
28 213 15
28 249 15
28 41 15
29 210 15
29 58 15
29 45 15
29 41 15
29 48 15
29 119 15
30 34 15
30 113 15
30 135 15
30 117 15
30 8 15
30 120 15
31 126 15
31 10 15
31 76 15
31 244 15
31 249 15
31 237 15
32 238 15
32 90 15
32 109 15
32 135 15
32 178 15
32 83 15
33 224 15
33 255 15
33 25 15
33 129 15
33 47 15
33 211 15
34 122 15
34 70 15
34 11 15
34 243 15
34 139 15
34 75 15
35 129 15
35 63 15
35 75 15
35 104 15
35 90 15
35 135 15
36 23 15
36 10 15
36 229 15
36 5 15
36 45 15
36 152 15
37 151 15
37 138 15
37 231 15
37 245 15
37 164 15
37 243 15
38 209 15
38 43 15
38 32 15
38 187 15
38 38 15
38 190 15
39 191 15
39 159 15
39 252 15
39 86 15
39 179 15
39 150 15
40 205 15
40 28 15
40 12 15
40 196 15
40 104 15
40 112 15
41 70 15
41 44 15
41 236 15
41 17 15
41 115 15
41 209 15
42 239 15
42 98 15
42 99 15
42 236 15
42 142 15
42 28 15
